4 0.455984375 0.3838125 0.056609374999999997 0.076125
4 0.36067187500000003 0.4731458333333334 0.041125 0.05483333333333333
4 0.41823437500000005 0.5905625000000001 0.050796875 0.0703125
4 0.546453125 0.5966875 0.03821875 0.05547916666666666
4 0.65771875 0.7150416666666667 0.21915625 0.2870625
4 0.62409375 0.6105416666666666 0.094828125 0.12191666666666667
4 0.27359374999999997 0.5957083333333333 0.10595312500000001 0.34639583333333335
4 0.5012187499999999 0.17481249999999998 0.1045 0.19352083333333334
2 0.35728125 0.24254166666666668 0.133046875 0.23481249999999998
2 0.6446562499999999 0.40897916666666667 0.1736875 0.18447916666666667
2 0.416796875 0.8005208333333333 0.08853124999999999 0.23352083333333334