4 0.351046875 0.36875 0.052078124999999996 0.0680625
4 0.427078125 0.31943750000000004 0.054171875 0.075
4 0.43385937500000005 0.5361041666666666 0.130203125 0.18056250000000001
4 0.25260937499999997 0.65625 0.136453125 0.17639583333333334
4 0.646875 0.4326458333333333 0.139578125 0.1680625
4 0.3796875 0.7201458333333334 0.044796875 0.056937499999999995
4 0.40573437500000004 0.8423541666666666 0.044796875 0.06527083333333333
4 0.5078125 0.6645833333333333 0.059375 0.07916666666666666
4 0.532296875 0.7736041666666666 0.060421875 0.08610416666666666
4 0.589578125 0.6611041666666666 0.10207812499999999 0.3111041666666667
4 0.7609375 0.9104166666666667 0.180203125 0.17916666666666667