4 0.295828125 0.7125 0.133328125 0.18610416666666665
4 0.2921875 0.7194375 0.059375 0.07777083333333333
4 0.413015625 0.5375 0.130203125 0.17222916666666668
4 0.415109375 0.5458333333333333 0.059375 0.07777083333333333
4 0.4765625 0.7125 0.038546875 0.05
4 0.613546875 0.3861041666666667 0.129171875 0.1694375
4 0.586453125 0.4069375 0.058328124999999995 0.08333333333333333
4 0.5526093750000001 0.6611041666666666 0.067703125 0.3333333333333333
4 0.6453125 0.8840208333333333 0.230203125 0.2319375
4 0.665109375 0.8583333333333333 0.059375 0.08610416666666666
4 0.6296875 0.9243125 0.046875 0.06527083333333333